2620575540
2112953468
200609830
1050923778
1590900328
594449784
2196125509
2225142797
2350468933
3166918000
178636326
401153249
2213973562
371420574
2250187782
698161516
1590900328
2196622324
398046087
2445021225
2871082636
2437712185
39556817
919681270
1537598724
672011043
2871082636
852973360
4117655622
2640387354
365462469
1630723673
2438398850
3971654129
2830339786
2762920691
2196125509
2057061700
486179013
715752705
2780547869
1529419634
2085219896
1959865280
2762920691
1854521683
2871082636
521923569
723437462
1551723766
0
497771096
1532394734
4190880997
3820061090
2713665077
285090689
2762920691
2042967849
442853670
594449784
4183272116
4190880997
2119707216
